   0.0000000e+00   3.9640793e+02
   9.9900100e-03   3.9576473e+02
   1.9980020e-02   3.9512309e+02
   2.9970030e-02   3.9448299e+02
   3.9960040e-02   3.9384443e+02
   4.9950050e-02   3.9320741e+02
   5.9940060e-02   3.9257192e+02
   6.9930070e-02   3.9193796e+02
   7.9920080e-02   3.9130553e+02
   8.9910090e-02   3.9067461e+02
   9.9900100e-02   3.9004520e+02
   1.0989011e-01   3.8941730e+02
   1.1988012e-01   3.8879090e+02
   1.2987013e-01   3.8816600e+02
   1.3986014e-01   3.8754260e+02
   1.4985015e-01   3.8692068e+02
   1.5984016e-01   3.8630025e+02
   1.6983017e-01   3.8568129e+02
   1.7982018e-01   3.8506382e+02
   1.8981019e-01   3.8444781e+02
   1.9980020e-01   3.8383326e+02
   2.0979021e-01   3.8322018e+02
   2.1978022e-01   3.8260855e+02
   2.2977023e-01   3.8199838e+02
   2.3976024e-01   3.8138965e+02
   2.4975025e-01   3.8078236e+02
   2.5974026e-01   3.8017651e+02
   2.6973027e-01   3.7957209e+02
   2.7972028e-01   3.7896911e+02
   2.8971029e-01   3.7836754e+02
   2.9970030e-01   3.7776740e+02
   3.0969031e-01   3.7716867e+02
   3.1968032e-01   3.7657135e+02
   3.2967033e-01   3.7597544e+02
   3.3966034e-01   3.7538093e+02
   3.4965035e-01   3.7478782e+02
   3.5964036e-01   3.7419610e+02
   3.6963037e-01   3.7360576e+02
   3.7962038e-01   3.7301682e+02
   3.8961039e-01   3.7242925e+02
   3.9960040e-01   3.7184306e+02
   4.0959041e-01   3.7125824e+02
   4.1958042e-01   3.7067479e+02
   4.2957043e-01   3.7009270e+02
   4.3956044e-01   3.6951197e+02
   4.4955045e-01   3.6893259e+02
   4.5954046e-01   3.6835456e+02
   4.6953047e-01   3.6777788e+02
   4.7952048e-01   3.6720254e+02
   4.8951049e-01   3.6662854e+02
   4.9950050e-01   3.6605588e+02
   5.0949051e-01   3.6548454e+02
   5.1948052e-01   3.6491453e+02
   5.2947053e-01   3.6434583e+02
   5.3946054e-01   3.6377846e+02
   5.4945055e-01   3.6321240e+02
   5.5944056e-01   3.6264765e+02
   5.6943057e-01   3.6208420e+02
   5.7942058e-01   3.6152205e+02
   5.8941059e-01   3.6096120e+02
   5.9940060e-01   3.6040165e+02
   6.0939061e-01   3.5984338e+02
   6.1938062e-01   3.5928640e+02
   6.2937063e-01   3.5873070e+02
   6.3936064e-01   3.5817627e+02
   6.4935065e-01   3.5762312e+02
   6.5934066e-01   3.5707124e+02
   6.6933067e-01   3.5652062e+02
   6.7932068e-01   3.5597127e+02
   6.8931069e-01   3.5542317e+02
   6.9930070e-01   3.5487633e+02
   7.0929071e-01   3.5433074e+02
   7.1928072e-01   3.5378639e+02
   7.2927073e-01   3.5324329e+02
   7.3926074e-01   3.5270142e+02
   7.4925075e-01   3.5216079e+02
   7.5924076e-01   3.5162139e+02
   7.6923077e-01   3.5108322e+02
   7.7922078e-01   3.5054628e+02
   7.8921079e-01   3.5001055e+02
   7.9920080e-01   3.4947604e+02
   8.0919081e-01   3.4894274e+02
   8.1918082e-01   3.4841065e+02
   8.2917083e-01   3.4787976e+02
   8.3916084e-01   3.4735008e+02
   8.4915085e-01   3.4682160e+02
   8.5914086e-01   3.4629431e+02
   8.6913087e-01   3.4576821e+02
   8.7912088e-01   3.4524330e+02
   8.8911089e-01   3.4471957e+02
   8.9910090e-01   3.4419702e+02
   9.0909091e-01   3.4367565e+02
   9.1908092e-01   3.4315545e+02
   9.2907093e-01   3.4263642e+02
   9.3906094e-01   3.4211856e+02
   9.4905095e-01   3.4160186e+02
   9.5904096e-01   3.4108632e+02
   9.6903097e-01   3.4057194e+02
   9.7902098e-01   3.4005870e+02
   9.8901099e-01   3.3954662e+02
   9.9900100e-01   3.3903568e+02
   1.0089910e+00   3.3852588e+02
   1.0189810e+00   3.3801722e+02
   1.0289710e+00   3.3750970e+02
   1.0389610e+00   3.3700331e+02
   1.0489510e+00   3.3649805e+02
   1.0589411e+00   3.3599391e+02
   1.0689311e+00   3.3549089e+02
   1.0789211e+00   3.3498899e+02
   1.0889111e+00   3.3448821e+02
   1.0989011e+00   3.3398854e+02
   1.1088911e+00   3.3348998e+02
   1.1188811e+00   3.3299252e+02
   1.1288711e+00   3.3249616e+02
   1.1388611e+00   3.3200091e+02
   1.1488511e+00   3.3150675e+02
   1.1588412e+00   3.3101368e+02
   1.1688312e+00   3.3052170e+02
   1.1788212e+00   3.3003080e+02
   1.1888112e+00   3.2954099e+02
   1.1988012e+00   3.2905226e+02
   1.2087912e+00   3.2856460e+02
   1.2187812e+00   3.2807802e+02
   1.2287712e+00   3.2759250e+02
   1.2387612e+00   3.2710806e+02
   1.2487512e+00   3.2662467e+02
   1.2587413e+00   3.2614235e+02
   1.2687313e+00   3.2566109e+02
   1.2787213e+00   3.2518088e+02
   1.2887113e+00   3.2470172e+02
   1.2987013e+00   3.2422361e+02
   1.3086913e+00   3.2374654e+02
   1.3186813e+00   3.2327052e+02
   1.3286713e+00   3.2279553e+02
   1.3386613e+00   3.2232158e+02
   1.3486513e+00   3.2184867e+02
   1.3586414e+00   3.2137678e+02
   1.3686314e+00   3.2090593e+02
   1.3786214e+00   3.2043609e+02
   1.3886114e+00   3.1996728e+02
   1.3986014e+00   3.1949948e+02
   1.4085914e+00   3.1903270e+02
   1.4185814e+00   3.1856694e+02
   1.4285714e+00   3.1810218e+02
   1.4385614e+00   3.1763843e+02
   1.4485514e+00   3.1717568e+02
   1.4585415e+00   3.1671393e+02
   1.4685315e+00   3.1625318e+02
   1.4785215e+00   3.1579343e+02
   1.4885115e+00   3.1533467e+02
   1.4985015e+00   3.1487689e+02
   1.5084915e+00   3.1442011e+02
   1.5184815e+00   3.1396430e+02
   1.5284715e+00   3.1350948e+02
   1.5384615e+00   3.1305563e+02
   1.5484515e+00   3.1260276e+02
   1.5584416e+00   3.1215087e+02
   1.5684316e+00   3.1169994e+02
   1.5784216e+00   3.1124998e+02
   1.5884116e+00   3.1080098e+02
   1.5984016e+00   3.1035294e+02
   1.6083916e+00   3.0990587e+02
   1.6183816e+00   3.0945974e+02
   1.6283716e+00   3.0901458e+02
   1.6383616e+00   3.0857036e+02
   1.6483516e+00   3.0812709e+02
   1.6583417e+00   3.0768476e+02
   1.6683317e+00   3.0724338e+02
   1.6783217e+00   3.0680293e+02
   1.6883117e+00   3.0636342e+02
   1.6983017e+00   3.0592485e+02
   1.7082917e+00   3.0548721e+02
   1.7182817e+00   3.0505050e+02
   1.7282717e+00   3.0461471e+02
   1.7382617e+00   3.0417985e+02
   1.7482517e+00   3.0374591e+02
   1.7582418e+00   3.0331288e+02
   1.7682318e+00   3.0288078e+02
   1.7782218e+00   3.0244958e+02
   1.7882118e+00   3.0201930e+02
   1.7982018e+00   3.0158992e+02
   1.8081918e+00   3.0116145e+02
   1.8181818e+00   3.0073389e+02
   1.8281718e+00   3.0030722e+02
   1.8381618e+00   2.9988145e+02
   1.8481518e+00   2.9945658e+02
   1.8581419e+00   2.9903260e+02
   1.8681319e+00   2.9860951e+02
   1.8781219e+00   2.9818731e+02
   1.8881119e+00   2.9776600e+02
   1.8981019e+00   2.9734557e+02
   1.9080919e+00   2.9692601e+02
   1.9180819e+00   2.9650734e+02
   1.9280719e+00   2.9608954e+02
   1.9380619e+00   2.9567262e+02
   1.9480519e+00   2.9525657e+02
   1.9580420e+00   2.9484138e+02
   1.9680320e+00   2.9442706e+02
   1.9780220e+00   2.9401360e+02
   1.9880120e+00   2.9360101e+02
   1.9980020e+00   2.9318927e+02
   2.0079920e+00   2.9277839e+02
   2.0179820e+00   2.9236837e+02
   2.0279720e+00   2.9195920e+02
   2.0379620e+00   2.9155087e+02
   2.0479520e+00   2.9114339e+02
   2.0579421e+00   2.9073676e+02
   2.0679321e+00   2.9033097e+02
   2.0779221e+00   2.8992602e+02
   2.0879121e+00   2.8952190e+02
   2.0979021e+00   2.8911863e+02
   2.1078921e+00   2.8871618e+02
   2.1178821e+00   2.8831457e+02
   2.1278721e+00   2.8791378e+02
   2.1378621e+00   2.8751382e+02
   2.1478521e+00   2.8711469e+02
   2.1578422e+00   2.8671637e+02
   2.1678322e+00   2.8631888e+02
   2.1778222e+00   2.8592220e+02
   2.1878122e+00   2.8552634e+02
   2.1978022e+00   2.8513129e+02
   2.2077922e+00   2.8473705e+02
   2.2177822e+00   2.8434362e+02
   2.2277722e+00   2.8395099e+02
   2.2377622e+00   2.8355917e+02
   2.2477522e+00   2.8316815e+02
   2.2577423e+00   2.8277793e+02
   2.2677323e+00   2.8238851e+02
   2.2777223e+00   2.8199988e+02
   2.2877123e+00   2.8161204e+02
   2.2977023e+00   2.8122500e+02
   2.3076923e+00   2.8083874e+02
   2.3176823e+00   2.8045327e+02
   2.3276723e+00   2.8006859e+02
   2.3376623e+00   2.7968469e+02
   2.3476523e+00   2.7930156e+02
   2.3576424e+00   2.7891922e+02
   2.3676324e+00   2.7853765e+02
   2.3776224e+00   2.7815686e+02
   2.3876124e+00   2.7777683e+02
   2.3976024e+00   2.7739758e+02
   2.4075924e+00   2.7701909e+02
   2.4175824e+00   2.7664137e+02
   2.4275724e+00   2.7626441e+02
   2.4375624e+00   2.7588822e+02
   2.4475524e+00   2.7551278e+02
   2.4575425e+00   2.7513810e+02
   2.4675325e+00   2.7476418e+02
   2.4775225e+00   2.7439101e+02
   2.4875125e+00   2.7401859e+02
   2.4975025e+00   2.7364692e+02
   2.5074925e+00   2.7327599e+02
   2.5174825e+00   2.7290581e+02
   2.5274725e+00   2.7253638e+02
   2.5374625e+00   2.7216768e+02
   2.5474525e+00   2.7179973e+02
   2.5574426e+00   2.7143251e+02
   2.5674326e+00   2.7106603e+02
   2.5774226e+00   2.7070028e+02
   2.5874126e+00   2.7033526e+02
   2.5974026e+00   2.6997097e+02
   2.6073926e+00   2.6960741e+02
   2.6173826e+00   2.6924458e+02
   2.6273726e+00   2.6888247e+02
   2.6373626e+00   2.6852108e+02
   2.6473526e+00   2.6816040e+02
   2.6573427e+00   2.6780045e+02
   2.6673327e+00   2.6744122e+02
   2.6773227e+00   2.6708269e+02
   2.6873127e+00   2.6672488e+02
   2.6973027e+00   2.6636778e+02
   2.7072927e+00   2.6601139e+02
   2.7172827e+00   2.6565570e+02
   2.7272727e+00   2.6530072e+02
   2.7372627e+00   2.6494644e+02
   2.7472527e+00   2.6459287e+02
   2.7572428e+00   2.6423999e+02
   2.7672328e+00   2.6388781e+02
   2.7772228e+00   2.6353632e+02
   2.7872128e+00   2.6318553e+02
   2.7972028e+00   2.6283543e+02
   2.8071928e+00   2.6248602e+02
   2.8171828e+00   2.6213730e+02
   2.8271728e+00   2.6178926e+02
   2.8371628e+00   2.6144191e+02
   2.8471528e+00   2.6109524e+02
   2.8571429e+00   2.6074925e+02
   2.8671329e+00   2.6040394e+02
   2.8771229e+00   2.6005931e+02
   2.8871129e+00   2.5971536e+02
   2.8971029e+00   2.5937207e+02
   2.9070929e+00   2.5902946e+02
   2.9170829e+00   2.5868752e+02
   2.9270729e+00   2.5834625e+02
   2.9370629e+00   2.5800565e+02
   2.9470529e+00   2.5766571e+02
   2.9570430e+00   2.5732643e+02
   2.9670330e+00   2.5698782e+02
   2.9770230e+00   2.5664986e+02
   2.9870130e+00   2.5631257e+02
   2.9970030e+00   2.5597593e+02
   3.0069930e+00   2.5563994e+02
   3.0169830e+00   2.5530461e+02
   3.0269730e+00   2.5496993e+02
   3.0369630e+00   2.5463590e+02
   3.0469530e+00   2.5430252e+02
   3.0569431e+00   2.5396978e+02
   3.0669331e+00   2.5363769e+02
   3.0769231e+00   2.5330624e+02
   3.0869131e+00   2.5297543e+02
   3.0969031e+00   2.5264527e+02
   3.1068931e+00   2.5231574e+02
   3.1168831e+00   2.5198684e+02
   3.1268731e+00   2.5165859e+02
   3.1368631e+00   2.5133096e+02
   3.1468531e+00   2.5100397e+02
   3.1568432e+00   2.5067760e+02
   3.1668332e+00   2.5035187e+02
   3.1768232e+00   2.5002676e+02
   3.1868132e+00   2.4970228e+02
   3.1968032e+00   2.4937842e+02
   3.2067932e+00   2.4905518e+02
   3.2167832e+00   2.4873256e+02
   3.2267732e+00   2.4841056e+02
   3.2367632e+00   2.4808918e+02
   3.2467532e+00   2.4776841e+02
   3.2567433e+00   2.4744826e+02
   3.2667333e+00   2.4712872e+02
   3.2767233e+00   2.4680979e+02
   3.2867133e+00   2.4649147e+02
   3.2967033e+00   2.4617375e+02
   3.3066933e+00   2.4585665e+02
   3.3166833e+00   2.4554015e+02
   3.3266733e+00   2.4522425e+02
   3.3366633e+00   2.4490895e+02
   3.3466533e+00   2.4459425e+02
   3.3566434e+00   2.4428015e+02
   3.3666334e+00   2.4396665e+02
   3.3766234e+00   2.4365375e+02
   3.3866134e+00   2.4334144e+02
   3.3966034e+00   2.4302972e+02
   3.4065934e+00   2.4271859e+02
   3.4165834e+00   2.4240805e+02
   3.4265734e+00   2.4209810e+02
   3.4365634e+00   2.4178873e+02
   3.4465534e+00   2.4147995e+02
   3.4565435e+00   2.4117176e+02
   3.4665335e+00   2.4086414e+02
   3.4765235e+00   2.4055711e+02
   3.4865135e+00   2.4025066e+02
   3.4965035e+00   2.3994478e+02
   3.5064935e+00   2.3963948e+02
   3.5164835e+00   2.3933475e+02
   3.5264735e+00   2.3903060e+02
   3.5364635e+00   2.3872702e+02
   3.5464535e+00   2.3842401e+02
   3.5564436e+00   2.3812157e+02
   3.5664336e+00   2.3781970e+02
   3.5764236e+00   2.3751839e+02
   3.5864136e+00   2.3721765e+02
   3.5964036e+00   2.3691747e+02
   3.6063936e+00   2.3661786e+02
   3.6163836e+00   2.3631880e+02
   3.6263736e+00   2.3602031e+02
   3.6363636e+00   2.3572237e+02
   3.6463536e+00   2.3542499e+02
   3.6563437e+00   2.3512816e+02
   3.6663337e+00   2.3483189e+02
   3.6763237e+00   2.3453616e+02
   3.6863137e+00   2.3424099e+02
   3.6963037e+00   2.3394637e+02
   3.7062937e+00   2.3365230e+02
   3.7162837e+00   2.3335877e+02
   3.7262737e+00   2.3306579e+02
   3.7362637e+00   2.3277336e+02
   3.7462537e+00   2.3248146e+02
   3.7562438e+00   2.3219011e+02
   3.7662338e+00   2.3189930e+02
   3.7762238e+00   2.3160903e+02
   3.7862138e+00   2.3131929e+02
   3.7962038e+00   2.3103009e+02
   3.8061938e+00   2.3074143e+02
   3.8161838e+00   2.3045330e+02
   3.8261738e+00   2.3016570e+02
   3.8361638e+00   2.2987863e+02
   3.8461538e+00   2.2959209e+02
   3.8561439e+00   2.2930608e+02
   3.8661339e+00   2.2902060e+02
   3.8761239e+00   2.2873564e+02
   3.8861139e+00   2.2845120e+02
   3.8961039e+00   2.2816729e+02
   3.9060939e+00   2.2788390e+02
   3.9160839e+00   2.2760104e+02
   3.9260739e+00   2.2731869e+02
   3.9360639e+00   2.2703686e+02
   3.9460539e+00   2.2675554e+02
   3.9560440e+00   2.2647474e+02
   3.9660340e+00   2.2619446e+02
   3.9760240e+00   2.2591469e+02
   3.9860140e+00   2.2563543e+02
   3.9960040e+00   2.2535668e+02
   4.0059940e+00   2.2507843e+02
   4.0159840e+00   2.2480070e+02
   4.0259740e+00   2.2452348e+02
   4.0359640e+00   2.2424676e+02
   4.0459540e+00   2.2397054e+02
   4.0559441e+00   2.2369483e+02
   4.0659341e+00   2.2341961e+02
   4.0759241e+00   2.2314490e+02
   4.0859141e+00   2.2287069e+02
   4.0959041e+00   2.2259698e+02
   4.1058941e+00   2.2232376e+02
   4.1158841e+00   2.2205104e+02
   4.1258741e+00   2.2177881e+02
   4.1358641e+00   2.2150708e+02
   4.1458541e+00   2.2123584e+02
   4.1558442e+00   2.2096509e+02
   4.1658342e+00   2.2069483e+02
   4.1758242e+00   2.2042506e+02
   4.1858142e+00   2.2015578e+02
   4.1958042e+00   2.1988698e+02
   4.2057942e+00   2.1961867e+02
   4.2157842e+00   2.1935084e+02
   4.2257742e+00   2.1908349e+02
   4.2357642e+00   2.1881663e+02
   4.2457542e+00   2.1855024e+02
   4.2557443e+00   2.1828434e+02
   4.2657343e+00   2.1801891e+02
   4.2757243e+00   2.1775396e+02
   4.2857143e+00   2.1748949e+02
   4.2957043e+00   2.1722549e+02
   4.3056943e+00   2.1696197e+02
   4.3156843e+00   2.1669891e+02
   4.3256743e+00   2.1643633e+02
   4.3356643e+00   2.1617422e+02
   4.3456543e+00   2.1591258e+02
   4.3556444e+00   2.1565140e+02
   4.3656344e+00   2.1539070e+02
   4.3756244e+00   2.1513046e+02
   4.3856144e+00   2.1487068e+02
   4.3956044e+00   2.1461136e+02
   4.4055944e+00   2.1435251e+02
   4.4155844e+00   2.1409412e+02
   4.4255744e+00   2.1383619e+02
   4.4355644e+00   2.1357872e+02
   4.4455544e+00   2.1332171e+02
   4.4555445e+00   2.1306516e+02
   4.4655345e+00   2.1280906e+02
   4.4755245e+00   2.1255341e+02
   4.4855145e+00   2.1229822e+02
   4.4955045e+00   2.1204348e+02
   4.5054945e+00   2.1178920e+02
   4.5154845e+00   2.1153536e+02
   4.5254745e+00   2.1128197e+02
   4.5354645e+00   2.1102903e+02
   4.5454545e+00   2.1077654e+02
   4.5554446e+00   2.1052450e+02
   4.5654346e+00   2.1027290e+02
   4.5754246e+00   2.1002174e+02
   4.5854146e+00   2.0977103e+02
   4.5954046e+00   2.0952076e+02
   4.6053946e+00   2.0927093e+02
   4.6153846e+00   2.0902154e+02
   4.6253746e+00   2.0877259e+02
   4.6353646e+00   2.0852408e+02
   4.6453546e+00   2.0827600e+02
   4.6553447e+00   2.0802836e+02
   4.6653347e+00   2.0778116e+02
   4.6753247e+00   2.0753439e+02
   4.6853147e+00   2.0728805e+02
   4.6953047e+00   2.0704214e+02
   4.7052947e+00   2.0679667e+02
   4.7152847e+00   2.0655162e+02
   4.7252747e+00   2.0630701e+02
   4.7352647e+00   2.0606282e+02
   4.7452547e+00   2.0581906e+02
   4.7552448e+00   2.0557572e+02
   4.7652348e+00   2.0533281e+02
   4.7752248e+00   2.0509032e+02
   4.7852148e+00   2.0484826e+02
   4.7952048e+00   2.0460661e+02
   4.8051948e+00   2.0436539e+02
   4.8151848e+00   2.0412459e+02
   4.8251748e+00   2.0388421e+02
   4.8351648e+00   2.0364424e+02
   4.8451548e+00   2.0340469e+02
   4.8551449e+00   2.0316556e+02
   4.8651349e+00   2.0292685e+02
   4.8751249e+00   2.0268854e+02
   4.8851149e+00   2.0245065e+02
   4.8951049e+00   2.0221318e+02
   4.9050949e+00   2.0197611e+02
   4.9150849e+00   2.0173945e+02
   4.9250749e+00   2.0150321e+02
   4.9350649e+00   2.0126737e+02
   4.9450549e+00   2.0103194e+02
   4.9550450e+00   2.0079691e+02
   4.9650350e+00   2.0056230e+02
   4.9750250e+00   2.0032808e+02
   4.9850150e+00   2.0009427e+02
   4.9950050e+00   1.9986086e+02
   5.0049950e+00   1.9962786e+02
   5.0149850e+00   1.9939526e+02
   5.0249750e+00   1.9916305e+02
   5.0349650e+00   1.9893125e+02
   5.0449550e+00   1.9869984e+02
   5.0549451e+00   1.9846883e+02
   5.0649351e+00   1.9823822e+02
   5.0749251e+00   1.9800800e+02
   5.0849151e+00   1.9777817e+02
   5.0949051e+00   1.9754875e+02
   5.1048951e+00   1.9731971e+02
   5.1148851e+00   1.9709106e+02
   5.1248751e+00   1.9686281e+02
   5.1348651e+00   1.9663495e+02
   5.1448551e+00   1.9640747e+02
   5.1548452e+00   1.9618039e+02
   5.1648352e+00   1.9595369e+02
   5.1748252e+00   1.9572737e+02
   5.1848152e+00   1.9550145e+02
   5.1948052e+00   1.9527591e+02
   5.2047952e+00   1.9505075e+02
   5.2147852e+00   1.9482597e+02
   5.2247752e+00   1.9460158e+02
   5.2347652e+00   1.9437757e+02
   5.2447552e+00   1.9415394e+02
   5.2547453e+00   1.9393069e+02
   5.2647353e+00   1.9370782e+02
   5.2747253e+00   1.9348532e+02
   5.2847153e+00   1.9326320e+02
   5.2947053e+00   1.9304146e+02
   5.3046953e+00   1.9282010e+02
   5.3146853e+00   1.9259911e+02
   5.3246753e+00   1.9237849e+02
   5.3346653e+00   1.9215824e+02
   5.3446553e+00   1.9193837e+02
   5.3546454e+00   1.9171887e+02
   5.3646354e+00   1.9149974e+02
   5.3746254e+00   1.9128098e+02
   5.3846154e+00   1.9106258e+02
   5.3946054e+00   1.9084456e+02
   5.4045954e+00   1.9062690e+02
   5.4145854e+00   1.9040961e+02
   5.4245754e+00   1.9019268e+02
   5.4345654e+00   1.8997612e+02
   5.4445554e+00   1.8975992e+02
   5.4545455e+00   1.8954408e+02
   5.4645355e+00   1.8932861e+02
   5.4745255e+00   1.8911350e+02
   5.4845155e+00   1.8889874e+02
   5.4945055e+00   1.8868435e+02
   5.5044955e+00   1.8847032e+02
   5.5144855e+00   1.8825664e+02
   5.5244755e+00   1.8804332e+02
   5.5344655e+00   1.8783036e+02
   5.5444555e+00   1.8761776e+02
   5.5544456e+00   1.8740550e+02
   5.5644356e+00   1.8719361e+02
   5.5744256e+00   1.8698206e+02
   5.5844156e+00   1.8677087e+02
   5.5944056e+00   1.8656003e+02
   5.6043956e+00   1.8634954e+02
   5.6143856e+00   1.8613940e+02
   5.6243756e+00   1.8592962e+02
   5.6343656e+00   1.8572017e+02
   5.6443556e+00   1.8551108e+02
   5.6543457e+00   1.8530234e+02
   5.6643357e+00   1.8509394e+02
   5.6743257e+00   1.8488588e+02
   5.6843157e+00   1.8467817e+02
   5.6943057e+00   1.8447081e+02
   5.7042957e+00   1.8426379e+02
   5.7142857e+00   1.8405711e+02
   5.7242757e+00   1.8385077e+02
   5.7342657e+00   1.8364477e+02
   5.7442557e+00   1.8343912e+02
   5.7542458e+00   1.8323380e+02
   5.7642358e+00   1.8302882e+02
   5.7742258e+00   1.8282418e+02
   5.7842158e+00   1.8261988e+02
   5.7942058e+00   1.8241592e+02
   5.8041958e+00   1.8221229e+02
   5.8141858e+00   1.8200899e+02
   5.8241758e+00   1.8180603e+02
   5.8341658e+00   1.8160340e+02
   5.8441558e+00   1.8140111e+02
   5.8541459e+00   1.8119914e+02
   5.8641359e+00   1.8099751e+02
   5.8741259e+00   1.8079621e+02
   5.8841159e+00   1.8059524e+02
   5.8941059e+00   1.8039460e+02
   5.9040959e+00   1.8019429e+02
   5.9140859e+00   1.7999430e+02
   5.9240759e+00   1.7979465e+02
   5.9340659e+00   1.7959532e+02
   5.9440559e+00   1.7939631e+02
   5.9540460e+00   1.7919763e+02
   5.9640360e+00   1.7899927e+02
   5.9740260e+00   1.7880124e+02
   5.9840160e+00   1.7860353e+02
   5.9940060e+00   1.7840614e+02
   6.0039960e+00   1.7820907e+02
   6.0139860e+00   1.7801233e+02
   6.0239760e+00   1.7781590e+02
   6.0339660e+00   1.7761980e+02
   6.0439560e+00   1.7742401e+02
   6.0539461e+00   1.7722854e+02
   6.0639361e+00   1.7703339e+02
   6.0739261e+00   1.7683855e+02
   6.0839161e+00   1.7664403e+02
   6.0939061e+00   1.7644982e+02
   6.1038961e+00   1.7625593e+02
   6.1138861e+00   1.7606236e+02
   6.1238761e+00   1.7586909e+02
   6.1338661e+00   1.7567614e+02
   6.1438561e+00   1.7548350e+02
   6.1538462e+00   1.7529118e+02
   6.1638362e+00   1.7509916e+02
   6.1738262e+00   1.7490745e+02
   6.1838162e+00   1.7471605e+02
   6.1938062e+00   1.7452496e+02
   6.2037962e+00   1.7433418e+02
   6.2137862e+00   1.7414371e+02
   6.2237762e+00   1.7395354e+02
   6.2337662e+00   1.7376368e+02
   6.2437562e+00   1.7357412e+02
   6.2537463e+00   1.7338487e+02
   6.2637363e+00   1.7319592e+02
   6.2737263e+00   1.7300727e+02
   6.2837163e+00   1.7281893e+02
   6.2937063e+00   1.7263089e+02
   6.3036963e+00   1.7244315e+02
   6.3136863e+00   1.7225571e+02
   6.3236763e+00   1.7206857e+02
   6.3336663e+00   1.7188173e+02
   6.3436563e+00   1.7169519e+02
   6.3536464e+00   1.7150895e+02
   6.3636364e+00   1.7132300e+02
   6.3736264e+00   1.7113735e+02
   6.3836164e+00   1.7095200e+02
   6.3936064e+00   1.7076695e+02
   6.4035964e+00   1.7058218e+02
   6.4135864e+00   1.7039772e+02
   6.4235764e+00   1.7021354e+02
   6.4335664e+00   1.7002966e+02
   6.4435564e+00   1.6984607e+02
   6.4535465e+00   1.6966278e+02
   6.4635365e+00   1.6947977e+02
   6.4735265e+00   1.6929706e+02
   6.4835165e+00   1.6911463e+02
   6.4935065e+00   1.6893250e+02
   6.5034965e+00   1.6875065e+02
   6.5134865e+00   1.6856909e+02
   6.5234765e+00   1.6838782e+02
   6.5334665e+00   1.6820684e+02
   6.5434565e+00   1.6802614e+02
   6.5534466e+00   1.6784573e+02
   6.5634366e+00   1.6766560e+02
   6.5734266e+00   1.6748576e+02
   6.5834166e+00   1.6730620e+02
   6.5934066e+00   1.6712693e+02
   6.6033966e+00   1.6694794e+02
   6.6133866e+00   1.6676923e+02
   6.6233766e+00   1.6659080e+02
   6.6333666e+00   1.6641265e+02
   6.6433566e+00   1.6623478e+02
   6.6533467e+00   1.6605720e+02
   6.6633367e+00   1.6587989e+02
   6.6733267e+00   1.6570286e+02
   6.6833167e+00   1.6552611e+02
   6.6933067e+00   1.6534963e+02
   6.7032967e+00   1.6517344e+02
   6.7132867e+00   1.6499752e+02
   6.7232767e+00   1.6482187e+02
   6.7332667e+00   1.6464650e+02
   6.7432567e+00   1.6447141e+02
   6.7532468e+00   1.6429658e+02
   6.7632368e+00   1.6412204e+02
   6.7732268e+00   1.6394776e+02
   6.7832168e+00   1.6377376e+02
   6.7932068e+00   1.6360003e+02
   6.8031968e+00   1.6342657e+02
   6.8131868e+00   1.6325338e+02
   6.8231768e+00   1.6308046e+02
   6.8331668e+00   1.6290781e+02
   6.8431568e+00   1.6273543e+02
   6.8531469e+00   1.6256331e+02
   6.8631369e+00   1.6239147e+02
   6.8731269e+00   1.6221989e+02
   6.8831169e+00   1.6204858e+02
   6.8931069e+00   1.6187754e+02
   6.9030969e+00   1.6170676e+02
   6.9130869e+00   1.6153624e+02
   6.9230769e+00   1.6136599e+02
   6.9330669e+00   1.6119601e+02
   6.9430569e+00   1.6102628e+02
   6.9530470e+00   1.6085682e+02
   6.9630370e+00   1.6068763e+02
   6.9730270e+00   1.6051869e+02
   6.9830170e+00   1.6035002e+02
   6.9930070e+00   1.6018160e+02
   7.0029970e+00   1.6001345e+02
   7.0129870e+00   1.5984556e+02
   7.0229770e+00   1.5967792e+02
   7.0329670e+00   1.5951054e+02
   7.0429570e+00   1.5934343e+02
   7.0529471e+00   1.5917656e+02
   7.0629371e+00   1.5900996e+02
   7.0729271e+00   1.5884361e+02
   7.0829171e+00   1.5867752e+02
   7.0929071e+00   1.5851169e+02
   7.1028971e+00   1.5834610e+02
   7.1128871e+00   1.5818078e+02
   7.1228771e+00   1.5801570e+02
   7.1328671e+00   1.5785088e+02
   7.1428571e+00   1.5768632e+02
   7.1528472e+00   1.5752200e+02
   7.1628372e+00   1.5735794e+02
   7.1728272e+00   1.5719413e+02
   7.1828172e+00   1.5703056e+02
   7.1928072e+00   1.5686725e+02
   7.2027972e+00   1.5670419e+02
   7.2127872e+00   1.5654138e+02
   7.2227772e+00   1.5637882e+02
   7.2327672e+00   1.5621650e+02
   7.2427572e+00   1.5605443e+02
   7.2527473e+00   1.5589261e+02
   7.2627373e+00   1.5573104e+02
   7.2727273e+00   1.5556971e+02
   7.2827173e+00   1.5540863e+02
   7.2927073e+00   1.5524779e+02
   7.3026973e+00   1.5508720e+02
   7.3126873e+00   1.5492685e+02
   7.3226773e+00   1.5476675e+02
   7.3326673e+00   1.5460689e+02
   7.3426573e+00   1.5444727e+02
   7.3526474e+00   1.5428789e+02
   7.3626374e+00   1.5412876e+02
   7.3726274e+00   1.5396986e+02
   7.3826174e+00   1.5381121e+02
   7.3926074e+00   1.5365280e+02
   7.4025974e+00   1.5349462e+02
   7.4125874e+00   1.5333669e+02
   7.4225774e+00   1.5317900e+02
   7.4325674e+00   1.5302154e+02
   7.4425574e+00   1.5286432e+02
   7.4525475e+00   1.5270734e+02
   7.4625375e+00   1.5255060e+02
   7.4725275e+00   1.5239409e+02
   7.4825175e+00   1.5223782e+02
   7.4925075e+00   1.5208178e+02
   7.5024975e+00   1.5192598e+02
   7.5124875e+00   1.5177041e+02
   7.5224775e+00   1.5161508e+02
   7.5324675e+00   1.5145998e+02
   7.5424575e+00   1.5130511e+02
   7.5524476e+00   1.5115048e+02
   7.5624376e+00   1.5099608e+02
   7.5724276e+00   1.5084191e+02
   7.5824176e+00   1.5068797e+02
   7.5924076e+00   1.5053426e+02
   7.6023976e+00   1.5038078e+02
   7.6123876e+00   1.5022754e+02
   7.6223776e+00   1.5007452e+02
   7.6323676e+00   1.4992173e+02
   7.6423576e+00   1.4976917e+02
   7.6523477e+00   1.4961683e+02
   7.6623377e+00   1.4946473e+02
   7.6723277e+00   1.4931285e+02
   7.6823177e+00   1.4916120e+02
   7.6923077e+00   1.4900977e+02
   7.7022977e+00   1.4885857e+02
   7.7122877e+00   1.4870760e+02
   7.7222777e+00   1.4855685e+02
   7.7322677e+00   1.4840633e+02
   7.7422577e+00   1.4825603e+02
   7.7522478e+00   1.4810595e+02
   7.7622378e+00   1.4795609e+02
   7.7722278e+00   1.4780646e+02
   7.7822178e+00   1.4765705e+02
   7.7922078e+00   1.4750787e+02
   7.8021978e+00   1.4735890e+02
   7.8121878e+00   1.4721015e+02
   7.8221778e+00   1.4706163e+02
   7.8321678e+00   1.4691333e+02
   7.8421578e+00   1.4676524e+02
   7.8521479e+00   1.4661737e+02
   7.8621379e+00   1.4646973e+02
   7.8721279e+00   1.4632230e+02
   7.8821179e+00   1.4617509e+02
   7.8921079e+00   1.4602809e+02
   7.9020979e+00   1.4588132e+02
   7.9120879e+00   1.4573476e+02
   7.9220779e+00   1.4558841e+02
   7.9320679e+00   1.4544228e+02
   7.9420579e+00   1.4529637e+02
   7.9520480e+00   1.4515067e+02
   7.9620380e+00   1.4500519e+02
   7.9720280e+00   1.4485992e+02
   7.9820180e+00   1.4471486e+02
   7.9920080e+00   1.4457002e+02
   8.0019980e+00   1.4442539e+02
   8.0119880e+00   1.4428097e+02
   8.0219780e+00   1.4413677e+02
   8.0319680e+00   1.4399277e+02
   8.0419580e+00   1.4384899e+02
   8.0519481e+00   1.4370542e+02
   8.0619381e+00   1.4356206e+02
   8.0719281e+00   1.4341891e+02
   8.0819181e+00   1.4327596e+02
   8.0919081e+00   1.4313323e+02
   8.1018981e+00   1.4299070e+02
   8.1118881e+00   1.4284839e+02
   8.1218781e+00   1.4270628e+02
   8.1318681e+00   1.4256438e+02
   8.1418581e+00   1.4242268e+02
   8.1518482e+00   1.4228120e+02
   8.1618382e+00   1.4213992e+02
   8.1718282e+00   1.4199884e+02
   8.1818182e+00   1.4185797e+02
   8.1918082e+00   1.4171731e+02
   8.2017982e+00   1.4157685e+02
   8.2117882e+00   1.4143659e+02
   8.2217782e+00   1.4129654e+02
   8.2317682e+00   1.4115669e+02
   8.2417582e+00   1.4101704e+02
   8.2517483e+00   1.4087760e+02
   8.2617383e+00   1.4073836e+02
   8.2717283e+00   1.4059932e+02
   8.2817183e+00   1.4046048e+02
   8.2917083e+00   1.4032185e+02
   8.3016983e+00   1.4018341e+02
   8.3116883e+00   1.4004518e+02
   8.3216783e+00   1.3990714e+02
   8.3316683e+00   1.3976931e+02
   8.3416583e+00   1.3963167e+02
   8.3516484e+00   1.3949423e+02
   8.3616384e+00   1.3935699e+02
   8.3716284e+00   1.3921995e+02
   8.3816184e+00   1.3908311e+02
   8.3916084e+00   1.3894646e+02
   8.4015984e+00   1.3881001e+02
   8.4115884e+00   1.3867376e+02
   8.4215784e+00   1.3853770e+02
   8.4315684e+00   1.3840184e+02
   8.4415584e+00   1.3826618e+02
   8.4515485e+00   1.3813071e+02
   8.4615385e+00   1.3799543e+02
   8.4715285e+00   1.3786035e+02
   8.4815185e+00   1.3772546e+02
   8.4915085e+00   1.3759077e+02
   8.5014985e+00   1.3745627e+02
   8.5114885e+00   1.3732196e+02
   8.5214785e+00   1.3718784e+02
   8.5314685e+00   1.3705392e+02
   8.5414585e+00   1.3692019e+02
   8.5514486e+00   1.3678665e+02
   8.5614386e+00   1.3665330e+02
   8.5714286e+00   1.3652014e+02
   8.5814186e+00   1.3638717e+02
   8.5914086e+00   1.3625439e+02
   8.6013986e+00   1.3612180e+02
   8.6113886e+00   1.3598940e+02
   8.6213786e+00   1.3585719e+02
   8.6313686e+00   1.3572516e+02
   8.6413586e+00   1.3559333e+02
   8.6513487e+00   1.3546168e+02
   8.6613387e+00   1.3533022e+02
   8.6713287e+00   1.3519895e+02
   8.6813187e+00   1.3506786e+02
   8.6913087e+00   1.3493696e+02
   8.7012987e+00   1.3480625e+02
   8.7112887e+00   1.3467572e+02
   8.7212787e+00   1.3454538e+02
   8.7312687e+00   1.3441522e+02
   8.7412587e+00   1.3428524e+02
   8.7512488e+00   1.3415545e+02
   8.7612388e+00   1.3402585e+02
   8.7712288e+00   1.3389643e+02
   8.7812188e+00   1.3376719e+02
   8.7912088e+00   1.3363813e+02
   8.8011988e+00   1.3350926e+02
   8.8111888e+00   1.3338056e+02
   8.8211788e+00   1.3325205e+02
   8.8311688e+00   1.3312373e+02
   8.8411588e+00   1.3299558e+02
   8.8511489e+00   1.3286761e+02
   8.8611389e+00   1.3273982e+02
   8.8711289e+00   1.3261222e+02
   8.8811189e+00   1.3248479e+02
   8.8911089e+00   1.3235754e+02
   8.9010989e+00   1.3223048e+02
   8.9110889e+00   1.3210359e+02
   8.9210789e+00   1.3197688e+02
   8.9310689e+00   1.3185034e+02
   8.9410589e+00   1.3172399e+02
   8.9510490e+00   1.3159781e+02
   8.9610390e+00   1.3147181e+02
   8.9710290e+00   1.3134598e+02
   8.9810190e+00   1.3122034e+02
   8.9910090e+00   1.3109487e+02
   9.0009990e+00   1.3096957e+02
   9.0109890e+00   1.3084445e+02
   9.0209790e+00   1.3071950e+02
   9.0309690e+00   1.3059473e+02
   9.0409590e+00   1.3047014e+02
   9.0509491e+00   1.3034571e+02
   9.0609391e+00   1.3022147e+02
   9.0709291e+00   1.3009739e+02
   9.0809191e+00   1.2997349e+02
   9.0909091e+00   1.2984976e+02
   9.1008991e+00   1.2972620e+02
   9.1108891e+00   1.2960282e+02
   9.1208791e+00   1.2947961e+02
   9.1308691e+00   1.2935657e+02
   9.1408591e+00   1.2923370e+02
   9.1508492e+00   1.2911100e+02
   9.1608392e+00   1.2898847e+02
   9.1708292e+00   1.2886611e+02
   9.1808192e+00   1.2874392e+02
   9.1908092e+00   1.2862191e+02
   9.2007992e+00   1.2850006e+02
   9.2107892e+00   1.2837838e+02
   9.2207792e+00   1.2825687e+02
   9.2307692e+00   1.2813552e+02
   9.2407592e+00   1.2801435e+02
   9.2507493e+00   1.2789334e+02
   9.2607393e+00   1.2777250e+02
   9.2707293e+00   1.2765183e+02
   9.2807193e+00   1.2753132e+02
   9.2907093e+00   1.2741098e+02
   9.3006993e+00   1.2729081e+02
   9.3106893e+00   1.2717081e+02
   9.3206793e+00   1.2705096e+02
   9.3306693e+00   1.2693129e+02
   9.3406593e+00   1.2681178e+02
   9.3506494e+00   1.2669243e+02
   9.3606394e+00   1.2657325e+02
   9.3706294e+00   1.2645423e+02
   9.3806194e+00   1.2633538e+02
   9.3906094e+00   1.2621669e+02
   9.4005994e+00   1.2609816e+02
   9.4105894e+00   1.2597979e+02
   9.4205794e+00   1.2586159e+02
   9.4305694e+00   1.2574355e+02
   9.4405594e+00   1.2562568e+02
   9.4505495e+00   1.2550796e+02
   9.4605395e+00   1.2539041e+02
   9.4705295e+00   1.2527301e+02
   9.4805195e+00   1.2515578e+02
   9.4905095e+00   1.2503871e+02
   9.5004995e+00   1.2492180e+02
   9.5104895e+00   1.2480505e+02
   9.5204795e+00   1.2468845e+02
   9.5304695e+00   1.2457202e+02
   9.5404595e+00   1.2445575e+02
   9.5504496e+00   1.2433963e+02
   9.5604396e+00   1.2422368e+02
   9.5704296e+00   1.2410788e+02
   9.5804196e+00   1.2399224e+02
   9.5904096e+00   1.2387676e+02
   9.6003996e+00   1.2376143e+02
   9.6103896e+00   1.2364626e+02
   9.6203796e+00   1.2353125e+02
   9.6303696e+00   1.2341640e+02
   9.6403596e+00   1.2330170e+02
   9.6503497e+00   1.2318715e+02
   9.6603397e+00   1.2307277e+02
   9.6703297e+00   1.2295854e+02
   9.6803197e+00   1.2284446e+02
   9.6903097e+00   1.2273054e+02
   9.7002997e+00   1.2261677e+02
   9.7102897e+00   1.2250316e+02
   9.7202797e+00   1.2238970e+02
   9.7302697e+00   1.2227639e+02
   9.7402597e+00   1.2216324e+02
   9.7502498e+00   1.2205024e+02
   9.7602398e+00   1.2193740e+02
   9.7702298e+00   1.2182470e+02
   9.7802198e+00   1.2171216e+02
   9.7902098e+00   1.2159977e+02
   9.8001998e+00   1.2148753e+02
   9.8101898e+00   1.2137545e+02
   9.8201798e+00   1.2126351e+02
   9.8301698e+00   1.2115173e+02
   9.8401598e+00   1.2104010e+02
   9.8501499e+00   1.2092861e+02
   9.8601399e+00   1.2081728e+02
   9.8701299e+00   1.2070610e+02
   9.8801199e+00   1.2059507e+02
   9.8901099e+00   1.2048418e+02
   9.9000999e+00   1.2037345e+02
   9.9100899e+00   1.2026286e+02
   9.9200799e+00   1.2015242e+02
   9.9300699e+00   1.2004214e+02
   9.9400599e+00   1.1993199e+02
   9.9500500e+00   1.1982200e+02
   9.9600400e+00   1.1971215e+02
   9.9700300e+00   1.1960246e+02
   9.9800200e+00   1.1954767e+02
